image: empty_map.png
resolution: 0.010000
origin: [-20.00, -20.00, 0.000000]
negate: 0
occupied_thresh: 0.65
free_thresh: 0.196
